1|Whippendell Woods
3|Ashridge
126|Jersey Farm
300|
317|Jersey Farm|0|-0.31369094889682|0|51.778208785493|2260|-0.29324735785177|1618|51.768675129194|2260|-0.29289897852655|0|51.777908693825
359|St Albans NE Street-O 2019|0|-0.31869169570657|0|51.776992054769|842|-0.27557415231975|596|51.758104490795|842|-0.27557415231975|0|51.776992054769
394|TP2021|0|-0.15446741971132|0|51.668384294068|2292|-0.11241877500071|1652|51.649504137272|2292|-0.11238675958519|0|51.668364114754
397|Ashridge|0|-0.59770167052577|0|51.809038298371|2289|-0.55568009898721|3191|51.772552030612|2289|-0.55554186311158|0|51.808984210042
401|WGC|0|-0.21579756575005|0|51.817495717811|2740|-0.19051957311708|3333|51.798494275862|2740|-0.19056130346751|0|51.817519646066
402|Highfield|0|-0.30496890369033|0|51.749261373413|1612|-0.29063746035414|2272|51.73608083977|1612|-0.29014803646268|0|51.74904668645
403|HABS|0|-0.3189380769621|0|51.660824976179|1283|-0.30696498278616|1835|51.650437187894|1283|-0.30716258931002|0|51.660911501161
